1
8
0 0 0 0 0 0 0 0
0 1 1 0 0 1 1 1
0 1 1 0 1 1 1 1
0 1 1 1 1 1 0 0
0 0 1 1 0 1 1 0
0 0 0 1 1 1 1 1
0 1 1 1 1 0 1 1
0 1 1 1 0 0 1 1
24
2 1 0 16
2 5 0 24
3 1 0 17
3 4 0 29
4 1 0 35
5 2 0 7
5 5 0 8
6 3 0 16
7 1 0 21
7 6 0 5
8 1 0 6
8 6 0 3
1 2 1 23
1 3 1 30
1 6 1 27
1 7 1 12
1 8 1 16
2 5 1 17
3 4 1 15
4 7 1 12
5 5 1 7
5 8 1 7
6 2 1 11
6 3 1 10

result:
0 0 0 0 0 0 0 0
0 9 7 0 0 8 7 9
0 8 9 0 8 9 5 7
0 6 8 5 9 7 0 0
0 0 6 1 0 2 6 0
0 0 0 4 6 1 3 2
0 8 9 3 1 0 1 4
0 3 1 2 0 0 2 1

1
2
0 0
0 1
2
1 2 0 3
2 1 1 3

1
4
0 0 0 0
0 1 1 1
0 1 1 0
0 0 0 0
3
1 2 0 3
2 1 1 3
1 3 0 4

1
8
0 0 0 0 0 0 0 0
0 1 1 1 0 1 1 1
0 1 1 0 0 1 1 0
0 0 0 0 0 0 0 0
0 0 0 0 0 0 0 0
0 1 1 1 0 0 0 0
0 1 1 0 0 0 0 0
0 0 0 0 0 0 0 0
9
1 2 0 3
1 3 0 4
2 1 1 3

1 6 0 3
1 7 0 4
2 5 1 3

5 2 0 3
5 3 0 4
6 1 1 3




